Month, Beginning Balance, Monthly Interest, Accrued Interest, Final Balance
0 , , , ,100000.0
1 ,100000.0 ,208.33 ,208.33 ,98433.6
2 ,98433.6 ,205.07 ,413.4 ,96891.73
3 ,96891.73 ,201.86 ,615.26 ,95374.02
4 ,95374.02 ,198.7 ,813.96 ,93880.07
5 ,93880.07 ,195.58 ,1009.54 ,92409.53
6 ,92409.53 ,192.52 ,1202.06 ,90962.03
7 ,90962.03 ,189.5 ,1391.56 ,89537.2
8 ,89537.2 ,186.54 ,1578.1 ,88134.68
9 ,88134.68 ,183.61 ,1761.71 ,86754.14
10 ,86754.14 ,180.74 ,1942.45 ,85395.22
11 ,85395.22 ,177.91 ,2120.36 ,84057.59
12 ,84057.59 ,175.12 ,2295.48 ,82740.91
13 ,82740.91 ,172.38 ,2467.86 ,81444.85
14 ,81444.85 ,169.68 ,2637.53 ,80169.1
15 ,80169.1 ,167.02 ,2804.55 ,78913.33
16 ,78913.33 ,164.4 ,2968.95 ,77677.22
17 ,77677.22 ,161.83 ,3130.78 ,76460.49
18 ,76460.49 ,159.29 ,3290.07 ,75262.81
19 ,75262.81 ,156.8 ,3446.87 ,74083.89
20 ,74083.89 ,154.34 ,3601.21 ,72923.44
21 ,72923.44 ,151.92 ,3753.14 ,71781.16
22 ,71781.16 ,149.54 ,3902.68 ,70656.78
23 ,70656.78 ,147.2 ,4049.88 ,69550.01
24 ,69550.01 ,144.9 ,4194.78 ,68460.58
25 ,68460.58 ,142.63 ,4337.4 ,67388.21
26 ,67388.21 ,140.39 ,4477.8 ,66332.64
27 ,66332.64 ,138.19 ,4615.99 ,65293.6
28 ,65293.6 ,136.03 ,4752.02 ,64270.84
29 ,64270.84 ,133.9 ,4885.92 ,63264.1
30 ,63264.1 ,131.8 ,5017.72 ,62273.13
31 ,62273.13 ,129.74 ,5147.45 ,61297.68
32 ,61297.68 ,127.7 ,5275.16 ,60337.51
33 ,60337.51 ,125.7 ,5400.86 ,59392.38
34 ,59392.38 ,123.73 ,5524.59 ,58462.06
35 ,58462.06 ,121.8 ,5646.39 ,57546.31
36 ,57546.31 ,119.89 ,5766.28 ,56644.9
37 ,56644.9 ,118.01 ,5884.29 ,55757.61
38 ,55757.61 ,116.16 ,6000.45 ,54884.23
39 ,54884.23 ,114.34 ,6114.79 ,54024.52
40 ,54024.52 ,112.55 ,6227.34 ,53178.28
41 ,53178.28 ,110.79 ,6338.13 ,52345.29
42 ,52345.29 ,109.05 ,6447.18 ,51525.35
43 ,51525.35 ,107.34 ,6554.53 ,50718.26
44 ,50718.26 ,105.66 ,6660.19 ,49923.8
45 ,49923.8 ,104.01 ,6764.2 ,49141.8
46 ,49141.8 ,102.38 ,6866.58 ,48372.04
47 ,48372.04 ,100.78 ,6967.35 ,47614.34
48 ,47614.34 ,99.2 ,7066.55 ,46868.51
49 ,46868.51 ,97.64 ,7164.19 ,46134.36
50 ,46134.36 ,96.11 ,7260.3 ,45411.71
51 ,45411.71 ,94.61 ,7354.91 ,44700.38
52 ,44700.38 ,93.13 ,7448.04 ,44000.19
53 ,44000.19 ,91.67 ,7539.7 ,43310.97
54 ,43310.97 ,90.23 ,7629.94 ,42632.54
55 ,42632.54 ,88.82 ,7718.75 ,41964.75
56 ,41964.75 ,87.43 ,7806.18 ,41307.41
57 ,41307.41 ,86.06 ,7892.24 ,40660.37
58 ,40660.37 ,84.71 ,7976.95 ,40023.46
59 ,40023.46 ,83.38 ,8060.33 ,39396.53
60 ,39396.53 ,82.08 ,8142.4 ,38779.43
